theta_deg D_times D_dB
0.00 1.260455e+09 91.005272
0.09 5.080838e+02 27.059353
0.18 1.267023e+02 21.027844
0.27 5.614684e+01 17.493253
0.36 3.148646e+01 14.981239
0.45 2.008908e+01 13.029600
0.54 1.390731e+01 11.432431
0.63 1.018564e+01 10.079885
0.72 7.773898e+00 8.906388
0.81 6.123003e+00 7.869645
0.90 4.943986e+00 6.940773
0.99 4.073026e+00 6.099172
1.08 3.411640e+00 5.329631
1.17 2.897744e+00 4.620600
1.26 2.490634e+00 3.963099
1.35 2.162723e+00 3.350009
1.44 1.894782e+00 2.775593
1.53 1.673076e+00 2.235156
1.62 1.487583e+00 1.724811
1.71 1.330853e+00 1.241301
1.80 1.197256e+00 0.781870
1.89 1.082472e+00 0.344167
1.98 9.831432e-01 -0.073832
2.07 8.966272e-01 -0.473881
2.16 8.208224e-01 -0.857508
2.25 7.540400e-01 -1.226056
2.34 6.949109e-01 -1.580709
2.43 6.423155e-01 -1.922516
2.52 5.953312e-01 -2.252414
2.61 5.531924e-01 -2.571238
2.70 5.152594e-01 -2.879741
2.79 4.809943e-01 -3.178600
2.88 4.499426e-01 -3.468429
2.97 4.217175e-01 -3.749784
3.06 3.959888e-01 -4.023171
3.15 3.724728e-01 -4.289054
3.24 3.509252e-01 -4.547855
3.33 3.311339e-01 -4.799964
3.42 3.129149e-01 -5.045737
3.51 2.961076e-01 -5.285505
3.60 2.805710e-01 -5.519572
3.69 2.661816e-01 -5.748220
3.78 2.528302e-01 -5.971711
3.87 2.404203e-01 -6.190288
3.96 2.288665e-01 -6.404178
4.05 2.180926e-01 -6.613591
4.14 2.080308e-01 -6.818724
4.23 1.986203e-01 -7.019763
4.32 1.898069e-01 -7.216880
4.41 1.815417e-01 -7.410236
4.50 1.737807e-01 -7.599985
4.59 1.664842e-01 -7.786270
4.68 1.596164e-01 -7.969224
4.77 1.531448e-01 -8.148976
4.86 1.470400e-01 -8.325646
4.95 1.412750e-01 -8.499347
5.04 1.358255e-01 -8.670185
5.13 1.306693e-01 -8.838264
5.22 1.257860e-01 -9.003678
5.31 1.211569e-01 -9.166519
5.40 1.167650e-01 -9.326875
5.49 1.125945e-01 -9.484827
5.58 1.086312e-01 -9.640453
5.67 1.048618e-01 -9.793829
5.76 1.012739e-01 -9.945025
5.85 9.785637e-02 -10.094109
5.94 9.459876e-02 -10.241146
6.03 9.149141e-02 -10.386197
6.12 8.852539e-02 -10.529322
6.21 8.569242e-02 -10.670576
6.30 8.298481e-02 -10.810014
6.39 8.039541e-02 -10.947687
6.48 7.791758e-02 -11.083646
6.57 7.554512e-02 -11.217936
6.66 7.327226e-02 -11.350604
6.75 7.109362e-02 -11.481693
6.84 6.900418e-02 -11.611246
6.93 6.699923e-02 -11.739302
7.02 6.507438e-02 -11.865900
7.11 6.322550e-02 -11.991077
7.20 6.144875e-02 -12.114869
7.29 5.974051e-02 -12.237311
7.38 5.809737e-02 -12.358435
7.47 5.651615e-02 -12.478274
7.56 5.499385e-02 -12.596858
7.65 5.352766e-02 -12.714218
7.74 5.211491e-02 -12.830380
7.83 5.075309e-02 -12.945375
7.92 4.943987e-02 -13.059227
8.01 4.817300e-02 -13.171963
8.10 4.695040e-02 -13.283607
8.19 4.577006e-02 -13.394185
8.28 4.463013e-02 -13.503718
8.37 4.352883e-02 -13.612230
8.46 4.246448e-02 -13.719742
8.55 4.143549e-02 -13.826276
8.64 4.044035e-02 -13.931851
8.73 3.947764e-02 -14.036488
8.82 3.854601e-02 -14.140205
8.91 3.764418e-02 -14.243022
9.00 3.677091e-02 -14.344956
9.09 3.592506e-02 -14.446025
9.18 3.510553e-02 -14.546245
9.27 3.431126e-02 -14.645633
9.36 3.354127e-02 -14.744206
9.45 3.279460e-02 -14.841977
9.54 3.207035e-02 -14.938963
9.63 3.136766e-02 -15.035179
9.72 3.068572e-02 -15.130637
9.81 3.002374e-02 -15.225352
9.91 2.938097e-02 -15.319338
10.00 2.875671e-02 -15.412607
10.09 2.815028e-02 -15.505173
10.18 2.756103e-02 -15.597046
10.27 2.698833e-02 -15.688240
10.36 2.643160e-02 -15.778766
10.45 2.589026e-02 -15.868635
10.54 2.536379e-02 -15.957859
10.63 2.485165e-02 -16.046448
10.72 2.435335e-02 -16.134412
10.81 2.386842e-02 -16.221763
10.90 2.339641e-02 -16.308509
10.99 2.293686e-02 -16.394660
11.08 2.248937e-02 -16.480226
11.17 2.205354e-02 -16.565217
11.26 2.162898e-02 -16.649640
11.35 2.121531e-02 -16.733505
11.44 2.081220e-02 -16.816821
11.53 2.041928e-02 -16.899595
11.62 2.003625e-02 -16.981836
11.71 1.966278e-02 -17.063551
11.80 1.929857e-02 -17.144749
11.89 1.894333e-02 -17.225437
11.98 1.859678e-02 -17.305622
12.07 1.825866e-02 -17.385312
12.16 1.792870e-02 -17.464513
12.25 1.760665e-02 -17.543233
12.34 1.729228e-02 -17.621477
12.43 1.698536e-02 -17.699253
12.52 1.668566e-02 -17.776567
12.61 1.639296e-02 -17.853426
12.70 1.610707e-02 -17.929834
12.79 1.582778e-02 -18.005799
12.88 1.555491e-02 -18.081326
12.97 1.528826e-02 -18.156420
13.06 1.502765e-02 -18.231088
13.15 1.477293e-02 -18.305335
13.24 1.452391e-02 -18.379165
13.33 1.428044e-02 -18.452585
13.42 1.404236e-02 -18.525599
13.51 1.380952e-02 -18.598213
13.60 1.358179e-02 -18.670431
13.69 1.335901e-02 -18.742257
13.78 1.314106e-02 -18.813697
13.87 1.292779e-02 -18.884756
13.96 1.271910e-02 -18.955436
14.05 1.251485e-02 -19.025744
14.14 1.231492e-02 -19.095683
14.23 1.211921e-02 -19.165257
14.32 1.192760e-02 -19.234471
14.41 1.173998e-02 -19.303328
14.50 1.155625e-02 -19.371832
14.59 1.137631e-02 -19.439987
14.68 1.120006e-02 -19.507798
14.77 1.102741e-02 -19.575266
14.86 1.085826e-02 -19.642397
14.95 1.069253e-02 -19.709194
15.04 1.053014e-02 -19.775659
15.13 1.037099e-02 -19.841797
15.22 1.021501e-02 -19.907610
15.31 1.006213e-02 -19.973103
15.40 9.912251e-03 -20.038277
15.49 9.765317e-03 -20.103136
15.58 9.621252e-03 -20.167684
15.67 9.479987e-03 -20.231923
15.76 9.341453e-03 -20.295855
15.85 9.205587e-03 -20.359485
15.94 9.072325e-03 -20.422814
16.03 8.941605e-03 -20.485845
16.12 8.813367e-03 -20.548582
16.21 8.687553e-03 -20.611025
16.30 8.564107e-03 -20.673179
16.39 8.442973e-03 -20.735046
16.48 8.324099e-03 -20.796627
16.57 8.207434e-03 -20.857926
16.66 8.092925e-03 -20.918945
16.75 7.980525e-03 -20.979686
16.84 7.870185e-03 -21.040150
16.93 7.761860e-03 -21.100342
17.02 7.655505e-03 -21.160262
17.11 7.551075e-03 -21.219912
17.20 7.448528e-03 -21.279295
17.29 7.347823e-03 -21.338413
17.38 7.248918e-03 -21.397268
17.47 7.151776e-03 -21.455861
17.56 7.056356e-03 -21.514195
17.65 6.962623e-03 -21.572271
17.74 6.870540e-03 -21.630091
17.83 6.780072e-03 -21.687657
17.92 6.691184e-03 -21.744971
18.01 6.603842e-03 -21.802033
18.10 6.518014e-03 -21.858847
18.19 6.433669e-03 -21.915413
18.28 6.350774e-03 -21.971733
18.37 6.269301e-03 -22.027809
18.46 6.189219e-03 -22.083642
18.55 6.110499e-03 -22.139233
18.64 6.033114e-03 -22.194584
18.73 5.957037e-03 -22.249697
18.82 5.882240e-03 -22.304572
18.91 5.808698e-03 -22.359212
19.00 5.736386e-03 -22.413616
19.09 5.665278e-03 -22.467788
19.18 5.595351e-03 -22.521727
19.27 5.526581e-03 -22.575435
19.36 5.458945e-03 -22.628913
19.45 5.392421e-03 -22.682162
19.54 5.326986e-03 -22.735184
19.63 5.262620e-03 -22.787980
19.72 5.199302e-03 -22.840550
19.81 5.137011e-03 -22.892895
19.90 5.075727e-03 -22.945018
19.99 5.015431e-03 -22.996917
20.08 4.956104e-03 -23.048596
20.17 4.897728e-03 -23.100053
20.26 4.840284e-03 -23.151291
20.35 4.783755e-03 -23.202311
20.44 4.728123e-03 -23.253112
20.53 4.673372e-03 -23.303696
20.62 4.619485e-03 -23.354064
20.71 4.566447e-03 -23.404216
20.80 4.514240e-03 -23.454154
20.89 4.462850e-03 -23.503877
20.98 4.412262e-03 -23.553387
21.07 4.362461e-03 -23.602684
21.16 4.313433e-03 -23.651769
21.25 4.265164e-03 -23.700643
21.34 4.217639e-03 -23.749306
21.43 4.170846e-03 -23.797759
21.52 4.124771e-03 -23.846002
21.61 4.079401e-03 -23.894036
21.70 4.034725e-03 -23.941861
21.79 3.990728e-03 -23.989478
21.88 3.947400e-03 -24.036888
21.97 3.904729e-03 -24.084091
22.06 3.862703e-03 -24.131087
22.15 3.821310e-03 -24.177877
22.24 3.780540e-03 -24.224461
22.33 3.740382e-03 -24.270840
22.42 3.700826e-03 -24.317014
22.51 3.661860e-03 -24.362983
22.60 3.623475e-03 -24.408748
22.69 3.585660e-03 -24.454308
22.78 3.548407e-03 -24.499666
22.87 3.511705e-03 -24.544819
22.96 3.475546e-03 -24.589770
23.05 3.439919e-03 -24.634518
23.14 3.404816e-03 -24.679063
23.23 3.370229e-03 -24.723406
23.32 3.336148e-03 -24.767547
23.41 3.302565e-03 -24.811486
23.50 3.269473e-03 -24.855223
23.59 3.236862e-03 -24.898758
23.68 3.204725e-03 -24.942092
23.77 3.173054e-03 -24.985225
23.86 3.141842e-03 -25.028156
23.95 3.111081e-03 -25.070887
24.04 3.080764e-03 -25.113416
24.13 3.050883e-03 -25.155744
24.22 3.021432e-03 -25.197872
24.31 2.992403e-03 -25.239799
24.40 2.963791e-03 -25.281525
24.49 2.935587e-03 -25.323050
24.58 2.907786e-03 -25.364375
24.67 2.880382e-03 -25.405499
24.76 2.853368e-03 -25.446422
24.85 2.826738e-03 -25.487145
24.94 2.800486e-03 -25.527666
25.03 2.774606e-03 -25.567987
25.12 2.749092e-03 -25.608107
25.21 2.723939e-03 -25.648027
25.30 2.699141e-03 -25.687745
25.39 2.674692e-03 -25.727262
25.48 2.650588e-03 -25.766578
25.57 2.626823e-03 -25.805693
25.66 2.603391e-03 -25.844606
25.75 2.580288e-03 -25.883318
25.84 2.557509e-03 -25.921828
25.93 2.535049e-03 -25.960136
26.02 2.512903e-03 -25.998242
26.11 2.491067e-03 -26.036147
26.20 2.469535e-03 -26.073848
26.29 2.448303e-03 -26.111348
26.38 2.427368e-03 -26.148644
26.47 2.406723e-03 -26.185738
26.56 2.386366e-03 -26.222629
26.65 2.366292e-03 -26.259317
26.74 2.346497e-03 -26.295801
26.83 2.326976e-03 -26.332081
26.92 2.307726e-03 -26.368157
27.01 2.288743e-03 -26.404029
27.10 2.270023e-03 -26.439697
27.19 2.251563e-03 -26.475159
27.28 2.233358e-03 -26.510417
27.37 2.215404e-03 -26.545470
27.46 2.197700e-03 -26.580317
27.55 2.180240e-03 -26.614958
27.64 2.163021e-03 -26.649393
27.73 2.146040e-03 -26.683622
27.82 2.129294e-03 -26.717644
27.91 2.112779e-03 -26.751459
28.00 2.096493e-03 -26.785066
28.09 2.080431e-03 -26.818467
28.18 2.064591e-03 -26.851659
28.27 2.048971e-03 -26.884643
28.36 2.033566e-03 -26.917418
28.45 2.018374e-03 -26.949984
28.54 2.003392e-03 -26.982341
28.63 1.988617e-03 -27.014489
28.72 1.974046e-03 -27.046427
28.81 1.959677e-03 -27.078154
28.90 1.945507e-03 -27.109671
28.99 1.931534e-03 -27.140977
29.08 1.917754e-03 -27.172072
29.17 1.904165e-03 -27.202954
29.26 1.890765e-03 -27.233625
29.35 1.877550e-03 -27.264084
29.44 1.864520e-03 -27.294330
29.53 1.851671e-03 -27.324363
29.62 1.839000e-03 -27.354182
29.71 1.826506e-03 -27.383788
29.80 1.814187e-03 -27.413179
29.89 1.802040e-03 -27.442356
29.99 1.790062e-03 -27.471318
30.08 1.778253e-03 -27.500065
30.17 1.766609e-03 -27.528596
30.26 1.755128e-03 -27.556912
30.35 1.743809e-03 -27.585011
30.44 1.732649e-03 -27.612893
30.53 1.721647e-03 -27.640558
30.62 1.710801e-03 -27.668006
30.71 1.700107e-03 -27.695236
30.80 1.689566e-03 -27.722248
30.89 1.679174e-03 -27.749042
30.98 1.668931e-03 -27.775616
31.07 1.658834e-03 -27.801972
31.16 1.648881e-03 -27.828108
31.25 1.639070e-03 -27.854024
31.34 1.629401e-03 -27.879720
31.43 1.619871e-03 -27.905196
31.52 1.610479e-03 -27.930450
31.61 1.601222e-03 -27.955483
31.70 1.592101e-03 -27.980295
31.79 1.583111e-03 -28.004885
31.88 1.574254e-03 -28.029253
31.97 1.565526e-03 -28.053398
32.06 1.556926e-03 -28.077320
32.15 1.548453e-03 -28.101019
32.24 1.540106e-03 -28.124495
32.33 1.531882e-03 -28.147747
32.42 1.523781e-03 -28.170775
32.51 1.515801e-03 -28.193578
32.60 1.507941e-03 -28.216157
32.69 1.500199e-03 -28.238511
32.78 1.492574e-03 -28.260640
32.87 1.485066e-03 -28.282544
32.96 1.477671e-03 -28.304221
33.05 1.470390e-03 -28.325673
33.14 1.463222e-03 -28.346899
33.23 1.456164e-03 -28.367898
33.32 1.449216e-03 -28.388670
33.41 1.442376e-03 -28.409215
33.50 1.435644e-03 -28.429534
33.59 1.429018e-03 -28.449624
33.68 1.422497e-03 -28.469488
33.77 1.416080e-03 -28.489123
33.86 1.409766e-03 -28.508531
33.95 1.403554e-03 -28.527710
34.04 1.397442e-03 -28.546661
34.13 1.391431e-03 -28.565383
34.22 1.385518e-03 -28.583877
34.31 1.379704e-03 -28.602142
34.40 1.373986e-03 -28.620178
34.49 1.368364e-03 -28.637985
34.58 1.362836e-03 -28.655563
34.67 1.357403e-03 -28.672911
34.76 1.352063e-03 -28.690030
34.85 1.346815e-03 -28.706919
34.94 1.341659e-03 -28.723579
35.03 1.336593e-03 -28.740009
35.12 1.331616e-03 -28.756209
35.21 1.326729e-03 -28.772179
35.30 1.321929e-03 -28.787919
35.39 1.317216e-03 -28.803430
35.48 1.312590e-03 -28.818710
35.57 1.308049e-03 -28.833761
35.66 1.303593e-03 -28.848581
35.75 1.299221e-03 -28.863171
35.84 1.294932e-03 -28.877532
35.93 1.290725e-03 -28.891662
36.02 1.286601e-03 -28.905563
36.11 1.282557e-03 -28.919233
36.20 1.278594e-03 -28.932674
36.29 1.274710e-03 -28.945885
36.38 1.270906e-03 -28.958866
36.47 1.267180e-03 -28.971618
36.56 1.263531e-03 -28.984140
36.65 1.259960e-03 -28.996433
36.74 1.256465e-03 -29.008496
36.83 1.253046e-03 -29.020330
36.92 1.249702e-03 -29.031936
37.01 1.246432e-03 -29.043312
37.10 1.243237e-03 -29.054460
37.19 1.240115e-03 -29.065380
37.28 1.237066e-03 -29.076071
37.37 1.234089e-03 -29.086534
37.46 1.231184e-03 -29.096769
37.55 1.228351e-03 -29.106776
37.64 1.225588e-03 -29.116557
37.73 1.222895e-03 -29.126110
37.82 1.220271e-03 -29.135436
37.91 1.217717e-03 -29.144535
38.00 1.215232e-03 -29.153409
38.09 1.212815e-03 -29.162056
38.18 1.210465e-03 -29.170478
38.27 1.208183e-03 -29.178674
38.36 1.205967e-03 -29.186645
38.45 1.203818e-03 -29.194392
38.54 1.201735e-03 -29.201914
38.63 1.199717e-03 -29.209213
38.72 1.197764e-03 -29.216287
38.81 1.195876e-03 -29.223139
38.90 1.194052e-03 -29.229768
38.99 1.192292e-03 -29.236175
39.08 1.190595e-03 -29.242360
39.17 1.188961e-03 -29.248324
39.26 1.187390e-03 -29.254067
39.35 1.185881e-03 -29.259589
39.44 1.184434e-03 -29.264891
39.53 1.183049e-03 -29.269974
39.62 1.181724e-03 -29.274838
39.71 1.180461e-03 -29.279483
39.80 1.179258e-03 -29.283911
39.89 1.178116e-03 -29.288121
39.98 1.177033e-03 -29.292115
40.07 1.176009e-03 -29.295892
40.16 1.175045e-03 -29.299454
40.25 1.174140e-03 -29.302801
40.34 1.173294e-03 -29.305933
40.43 1.172505e-03 -29.308852
40.52 1.171775e-03 -29.311557
40.61 1.171103e-03 -29.314050
40.70 1.170488e-03 -29.316331
40.79 1.169930e-03 -29.318401
40.88 1.169429e-03 -29.320260
40.97 1.168985e-03 -29.321910
41.06 1.168597e-03 -29.323350
41.15 1.168266e-03 -29.324583
41.24 1.167990e-03 -29.325607
41.33 1.167771e-03 -29.326425
41.42 1.167606e-03 -29.327036
41.51 1.167497e-03 -29.327442
41.60 1.167443e-03 -29.327643
41.69 1.167444e-03 -29.327640
41.78 1.167499e-03 -29.327435
41.87 1.167609e-03 -29.327027
41.96 1.167773e-03 -29.326417
42.05 1.167990e-03 -29.325607
42.14 1.168262e-03 -29.324597
42.23 1.168587e-03 -29.323388
42.32 1.168966e-03 -29.321981
42.41 1.169398e-03 -29.320376
42.50 1.169883e-03 -29.318575
42.59 1.170421e-03 -29.316579
42.68 1.171012e-03 -29.314388
42.77 1.171655e-03 -29.312003
42.86 1.172350e-03 -29.309425
42.95 1.173098e-03 -29.306656
43.04 1.173898e-03 -29.303695
43.13 1.174750e-03 -29.300545
43.22 1.175654e-03 -29.297205
43.31 1.176609e-03 -29.293677
43.40 1.177616e-03 -29.289962
43.49 1.178675e-03 -29.286060
43.58 1.179784e-03 -29.281973
43.67 1.180945e-03 -29.277702
43.76 1.182157e-03 -29.273248
43.85 1.183420e-03 -29.268611
43.94 1.184734e-03 -29.263793
44.03 1.186098e-03 -29.258795
44.12 1.187513e-03 -29.253617
44.21 1.188978e-03 -29.248262
44.30 1.190494e-03 -29.242729
44.39 1.192060e-03 -29.237020
44.48 1.193676e-03 -29.231135
44.57 1.195342e-03 -29.225077
44.66 1.197059e-03 -29.218846
44.75 1.198825e-03 -29.212443
44.84 1.200641e-03 -29.205869
44.93 1.202507e-03 -29.199125
45.02 1.204422e-03 -29.192212
45.11 1.206387e-03 -29.185132
45.20 1.208402e-03 -29.177886
45.29 1.210466e-03 -29.170474
45.38 1.212580e-03 -29.162897
45.47 1.214742e-03 -29.155158
45.56 1.216955e-03 -29.147256
45.65 1.219216e-03 -29.139194
45.74 1.221526e-03 -29.130972
45.83 1.223886e-03 -29.122591
45.92 1.226294e-03 -29.114052
46.01 1.228752e-03 -29.105357
46.10 1.231259e-03 -29.096507
46.19 1.233814e-03 -29.087503
46.28 1.236418e-03 -29.078346
46.37 1.239071e-03 -29.069037
46.46 1.241773e-03 -29.059578
46.55 1.244524e-03 -29.049968
46.64 1.247323e-03 -29.040211
46.73 1.250171e-03 -29.030307
46.82 1.253067e-03 -29.020256
46.91 1.256012e-03 -29.010061
47.00 1.259006e-03 -28.999722
47.09 1.262048e-03 -28.989241
47.18 1.265139e-03 -28.978618
47.27 1.268278e-03 -28.967856
47.36 1.271466e-03 -28.956954
47.45 1.274702e-03 -28.945915
47.54 1.277986e-03 -28.934739
47.63 1.281319e-03 -28.923428
47.72 1.284700e-03 -28.911983
47.81 1.288129e-03 -28.900405
47.90 1.291607e-03 -28.888695
47.99 1.295133e-03 -28.876855
48.08 1.298708e-03 -28.864885
48.17 1.302331e-03 -28.852787
48.26 1.306002e-03 -28.840563
48.35 1.309721e-03 -28.828212
48.44 1.313489e-03 -28.815737
48.53 1.317304e-03 -28.803139
48.62 1.321168e-03 -28.790418
48.71 1.325081e-03 -28.777577
48.80 1.329041e-03 -28.764615
48.89 1.333050e-03 -28.751536
48.98 1.337107e-03 -28.738339
49.07 1.341212e-03 -28.725025
49.16 1.345365e-03 -28.711597
49.25 1.349567e-03 -28.698055
49.34 1.353817e-03 -28.684401
49.43 1.358115e-03 -28.670635
49.52 1.362461e-03 -28.656759
49.61 1.366856e-03 -28.642774
49.70 1.371298e-03 -28.628681
49.79 1.375789e-03 -28.614482
49.88 1.380328e-03 -28.600177
49.98 1.384915e-03 -28.585768
50.07 1.389551e-03 -28.571256
50.16 1.394234e-03 -28.556642
50.25 1.398966e-03 -28.541928
50.34 1.403746e-03 -28.527114
50.43 1.408574e-03 -28.512202
50.52 1.413451e-03 -28.497193
50.61 1.418376e-03 -28.482087
50.70 1.423349e-03 -28.466887
50.79 1.428370e-03 -28.451594
50.88 1.433439e-03 -28.436208
50.97 1.438557e-03 -28.420731
51.06 1.443722e-03 -28.405163
51.15 1.448936e-03 -28.389507
51.24 1.454199e-03 -28.373763
51.33 1.459509e-03 -28.357932
51.42 1.464868e-03 -28.342016
51.51 1.470274e-03 -28.326016
51.60 1.475730e-03 -28.309932
51.69 1.481233e-03 -28.293766
51.78 1.486784e-03 -28.277520
51.87 1.492384e-03 -28.261194
51.96 1.498032e-03 -28.244789
52.05 1.503728e-03 -28.228306
52.14 1.509473e-03 -28.211747
52.23 1.515265e-03 -28.195113
52.32 1.521106e-03 -28.178405
52.41 1.526995e-03 -28.161624
52.50 1.532932e-03 -28.144770
52.59 1.538918e-03 -28.127846
52.68 1.544951e-03 -28.110853
52.77 1.551033e-03 -28.093790
52.86 1.557163e-03 -28.076660
52.95 1.563341e-03 -28.059464
53.04 1.569567e-03 -28.042202
53.13 1.575841e-03 -28.024876
53.22 1.582163e-03 -28.007487
53.31 1.588534e-03 -27.990036
53.40 1.594952e-03 -27.972524
53.49 1.601419e-03 -27.954951
53.58 1.607933e-03 -27.937320
53.67 1.614496e-03 -27.919631
53.76 1.621106e-03 -27.901885
53.85 1.627765e-03 -27.884083
53.94 1.634471e-03 -27.866227
54.03 1.641226e-03 -27.848317
54.12 1.648028e-03 -27.830354
54.21 1.654878e-03 -27.812339
54.30 1.661776e-03 -27.794274
54.39 1.668722e-03 -27.776159
54.48 1.675716e-03 -27.757996
54.57 1.682757e-03 -27.739785
54.66 1.689846e-03 -27.721528
54.75 1.696983e-03 -27.703225
54.84 1.704168e-03 -27.684877
54.93 1.711400e-03 -27.666486
55.02 1.718679e-03 -27.648052
55.11 1.726006e-03 -27.629576
55.20 1.733381e-03 -27.611060
55.29 1.740803e-03 -27.592504
55.38 1.748272e-03 -27.573909
55.47 1.755789e-03 -27.555277
55.56 1.763353e-03 -27.536607
55.65 1.770964e-03 -27.517902
55.74 1.778623e-03 -27.499162
55.83 1.786328e-03 -27.480388
55.92 1.794081e-03 -27.461580
56.01 1.801880e-03 -27.442741
56.10 1.809727e-03 -27.423870
56.19 1.817620e-03 -27.404969
56.28 1.825560e-03 -27.386038
56.37 1.833547e-03 -27.367079
56.46 1.841581e-03 -27.348093
56.55 1.849661e-03 -27.329080
56.64 1.857787e-03 -27.310040
56.73 1.865960e-03 -27.290976
56.82 1.874180e-03 -27.271888
56.91 1.882445e-03 -27.252777
57.00 1.890757e-03 -27.233643
57.09 1.899115e-03 -27.214488
57.18 1.907519e-03 -27.195312
57.27 1.915968e-03 -27.176116
57.36 1.924464e-03 -27.156902
57.45 1.933005e-03 -27.137669
57.54 1.941592e-03 -27.118420
57.63 1.950225e-03 -27.099154
57.72 1.958903e-03 -27.079872
57.81 1.967626e-03 -27.060575
57.90 1.976394e-03 -27.041265
57.99 1.985207e-03 -27.021941
58.08 1.994066e-03 -27.002605
58.17 2.002969e-03 -26.983258
58.26 2.011917e-03 -26.963900
58.35 2.020909e-03 -26.944531
58.44 2.029946e-03 -26.925154
58.53 2.039028e-03 -26.905768
58.62 2.048153e-03 -26.886375
58.71 2.057323e-03 -26.866975
58.80 2.066537e-03 -26.847569
58.89 2.075794e-03 -26.828157
58.98 2.085095e-03 -26.808741
59.07 2.094440e-03 -26.789321
59.16 2.103828e-03 -26.769898
59.25 2.113259e-03 -26.750472
59.34 2.122734e-03 -26.731045
59.43 2.132251e-03 -26.711617
59.52 2.141811e-03 -26.692189
59.61 2.151414e-03 -26.672761
59.70 2.161059e-03 -26.653335
59.79 2.170746e-03 -26.633910
59.88 2.180475e-03 -26.614488
59.97 2.190247e-03 -26.595070
60.06 2.200060e-03 -26.575655
60.15 2.209914e-03 -26.556246
60.24 2.219810e-03 -26.536841
60.33 2.229748e-03 -26.517443
60.42 2.239726e-03 -26.498051
60.51 2.249745e-03 -26.478667
60.60 2.259804e-03 -26.459291
60.69 2.269905e-03 -26.439924
60.78 2.280045e-03 -26.420566
60.87 2.290225e-03 -26.401218
60.96 2.300445e-03 -26.381881
61.05 2.310705e-03 -26.362555
61.14 2.321004e-03 -26.343241
61.23 2.331342e-03 -26.323939
61.32 2.341720e-03 -26.304651
61.41 2.352135e-03 -26.285377
61.50 2.362590e-03 -26.266117
61.59 2.373083e-03 -26.246872
61.68 2.383613e-03 -26.227642
61.77 2.394182e-03 -26.208429
61.86 2.404788e-03 -26.189233
61.95 2.415431e-03 -26.170054
62.04 2.426111e-03 -26.150892
62.13 2.436829e-03 -26.131750
62.22 2.447582e-03 -26.112627
62.31 2.458373e-03 -26.093523
62.40 2.469199e-03 -26.074440
62.49 2.480060e-03 -26.055377
62.58 2.490958e-03 -26.036336
62.67 2.501891e-03 -26.017317
62.76 2.512858e-03 -25.998320
62.85 2.523860e-03 -25.979347
62.94 2.534897e-03 -25.960397
63.03 2.545968e-03 -25.941471
63.12 2.557073e-03 -25.922570
63.21 2.568211e-03 -25.903693
63.30 2.579382e-03 -25.884843
63.39 2.590587e-03 -25.866019
63.48 2.601824e-03 -25.847221
63.57 2.613093e-03 -25.828451
63.66 2.624394e-03 -25.809709
63.75 2.635728e-03 -25.790995
63.84 2.647092e-03 -25.772309
63.93 2.658488e-03 -25.753653
64.02 2.669914e-03 -25.735027
64.11 2.681371e-03 -25.716430
64.20 2.692858e-03 -25.697865
64.29 2.704375e-03 -25.679330
64.38 2.715922e-03 -25.660828
64.47 2.727497e-03 -25.642357
64.56 2.739101e-03 -25.623919
64.65 2.750734e-03 -25.605514
64.74 2.762395e-03 -25.587142
64.83 2.774083e-03 -25.568805
64.92 2.785799e-03 -25.550502
65.01 2.797542e-03 -25.532234
65.10 2.809312e-03 -25.514001
65.19 2.821108e-03 -25.495803
65.28 2.832930e-03 -25.477642
65.37 2.844777e-03 -25.459518
65.46 2.856649e-03 -25.441430
65.55 2.868547e-03 -25.423380
65.64 2.880469e-03 -25.405368
65.73 2.892415e-03 -25.387395
65.82 2.904384e-03 -25.369460
65.91 2.916377e-03 -25.351564
66.00 2.928393e-03 -25.333707
66.09 2.940431e-03 -25.315891
66.18 2.952491e-03 -25.298114
66.27 2.964573e-03 -25.280379
66.36 2.976676e-03 -25.262685
66.45 2.988800e-03 -25.245032
66.54 3.000944e-03 -25.227421
66.63 3.013109e-03 -25.209852
66.72 3.025293e-03 -25.192326
66.81 3.037496e-03 -25.174843
66.90 3.049718e-03 -25.157404
66.99 3.061958e-03 -25.140008
67.08 3.074216e-03 -25.122656
67.17 3.086492e-03 -25.105349
67.26 3.098784e-03 -25.088087
67.35 3.111093e-03 -25.070869
67.44 3.123419e-03 -25.053698
67.53 3.135760e-03 -25.036572
67.62 3.148116e-03 -25.019493
67.71 3.160487e-03 -25.002460
67.80 3.172872e-03 -24.985474
67.89 3.185271e-03 -24.968536
67.98 3.197684e-03 -24.951645
68.07 3.210109e-03 -24.934802
68.16 3.222547e-03 -24.918008
68.25 3.234997e-03 -24.901262
68.34 3.247458e-03 -24.884565
68.43 3.259930e-03 -24.867917
68.52 3.272413e-03 -24.851319
68.61 3.284906e-03 -24.834770
68.70 3.297409e-03 -24.818272
68.79 3.309920e-03 -24.801824
68.88 3.322441e-03 -24.785428
68.97 3.334969e-03 -24.769082
69.06 3.347505e-03 -24.752788
69.15 3.360048e-03 -24.736545
69.24 3.372598e-03 -24.720355
69.33 3.385153e-03 -24.704216
69.42 3.397715e-03 -24.688131
69.51 3.410281e-03 -24.672098
69.60 3.422852e-03 -24.656119
69.69 3.435427e-03 -24.640193
69.78 3.448006e-03 -24.624320
69.87 3.460587e-03 -24.608502
69.96 3.473171e-03 -24.592738
70.06 3.485758e-03 -24.577028
70.15 3.498345e-03 -24.561374
70.24 3.510934e-03 -24.545774
70.33 3.523522e-03 -24.530230
70.42 3.536111e-03 -24.514741
70.51 3.548699e-03 -24.499308
70.60 3.561286e-03 -24.483932
70.69 3.573871e-03 -24.468612
70.78 3.586453e-03 -24.453348
70.87 3.599033e-03 -24.438141
70.96 3.611610e-03 -24.422992
71.05 3.624182e-03 -24.407900
71.14 3.636750e-03 -24.392865
71.23 3.649313e-03 -24.377889
71.32 3.661871e-03 -24.362970
71.41 3.674422e-03 -24.348110
71.50 3.686966e-03 -24.333308
71.59 3.699503e-03 -24.318566
71.68 3.712033e-03 -24.303882
71.77 3.724554e-03 -24.289258
71.86 3.737066e-03 -24.274693
71.95 3.749568e-03 -24.260187
72.04 3.762061e-03 -24.245742
72.13 3.774542e-03 -24.231357
72.22 3.787013e-03 -24.217032
72.31 3.799471e-03 -24.202768
72.40 3.811918e-03 -24.188565
72.49 3.824351e-03 -24.174423
72.58 3.836771e-03 -24.160342
72.67 3.849176e-03 -24.146322
72.76 3.861567e-03 -24.132364
72.85 3.873943e-03 -24.118468
72.94 3.886303e-03 -24.104634
73.03 3.898646e-03 -24.090862
73.12 3.910972e-03 -24.077153
73.21 3.923281e-03 -24.063506
73.30 3.935571e-03 -24.049922
73.39 3.947843e-03 -24.036401
73.48 3.960095e-03 -24.022944
73.57 3.972328e-03 -24.009549
73.66 3.984539e-03 -23.996219
73.75 3.996730e-03 -23.982952
73.84 4.008899e-03 -23.969749
73.93 4.021046e-03 -23.956610
74.02 4.033169e-03 -23.943536
74.11 4.045269e-03 -23.930526
74.20 4.057345e-03 -23.917580
74.29 4.069397e-03 -23.904700
74.38 4.081422e-03 -23.891884
74.47 4.093423e-03 -23.879134
74.56 4.105396e-03 -23.866449
74.65 4.117343e-03 -23.853830
74.74 4.129261e-03 -23.841276
74.83 4.141152e-03 -23.828789
74.92 4.153013e-03 -23.816367
75.01 4.164845e-03 -23.804011
75.10 4.176647e-03 -23.791722
75.19 4.188419e-03 -23.779499
75.28 4.200159e-03 -23.767343
75.37 4.211867e-03 -23.755254
75.46 4.223543e-03 -23.743231
75.55 4.235185e-03 -23.731276
75.64 4.246794e-03 -23.719388
75.73 4.258369e-03 -23.707567
75.82 4.269908e-03 -23.695814
75.91 4.281413e-03 -23.684129
76.00 4.292881e-03 -23.672512
76.09 4.304312e-03 -23.660962
76.18 4.315707e-03 -23.649481
76.27 4.327063e-03 -23.638068
76.36 4.338381e-03 -23.626723
76.45 4.349660e-03 -23.615447
76.54 4.360900e-03 -23.604239
76.63 4.372099e-03 -23.593101
76.72 4.383257e-03 -23.582031
76.81 4.394374e-03 -23.571030
76.90 4.405449e-03 -23.560099
76.99 4.416481e-03 -23.549236
77.08 4.427470e-03 -23.538444
77.17 4.438415e-03 -23.527721
77.26 4.449316e-03 -23.517067
77.35 4.460172e-03 -23.506484
77.44 4.470983e-03 -23.495970
77.53 4.481747e-03 -23.485527
77.62 4.492465e-03 -23.475153
77.71 4.503135e-03 -23.464850
77.80 4.513758e-03 -23.454618
77.89 4.524332e-03 -23.444456
77.98 4.534857e-03 -23.434364
78.07 4.545332e-03 -23.424344
78.16 4.555758e-03 -23.414394
78.25 4.566132e-03 -23.404515
78.34 4.576456e-03 -23.394707
78.43 4.586727e-03 -23.384971
78.52 4.596946e-03 -23.375306
78.61 4.607112e-03 -23.365712
78.70 4.617225e-03 -23.356190
78.79 4.627283e-03 -23.346739
78.88 4.637287e-03 -23.337361
78.97 4.647235e-03 -23.328054
79.06 4.657128e-03 -23.318818
79.15 4.666964e-03 -23.309655
79.24 4.676743e-03 -23.300565
79.33 4.686465e-03 -23.291546
79.42 4.696129e-03 -23.282599
79.51 4.705735e-03 -23.273726
79.60 4.715281e-03 -23.264924
79.69 4.724768e-03 -23.256195
79.78 4.734194e-03 -23.247539
79.87 4.743560e-03 -23.238956
79.96 4.752865e-03 -23.230445
80.05 4.762108e-03 -23.222008
80.14 4.771289e-03 -23.213643
80.23 4.780406e-03 -23.205352
80.32 4.789461e-03 -23.197134
80.41 4.798452e-03 -23.188989
80.50 4.807378e-03 -23.180917
80.59 4.816239e-03 -23.172919
80.68 4.825035e-03 -23.164995
80.77 4.833766e-03 -23.157144
80.86 4.842430e-03 -23.149367
80.95 4.851026e-03 -23.141664
81.04 4.859556e-03 -23.134034
81.13 4.868018e-03 -23.126479
81.22 4.876411e-03 -23.118997
81.31 4.884735e-03 -23.111590
81.40 4.892991e-03 -23.104256
81.49 4.901176e-03 -23.096997
81.58 4.909291e-03 -23.089812
81.67 4.917335e-03 -23.082702
81.76 4.925308e-03 -23.075666
81.85 4.933209e-03 -23.068705
81.94 4.941038e-03 -23.061818
82.03 4.948795e-03 -23.055005
82.12 4.956478e-03 -23.048268
82.21 4.964088e-03 -23.041605
82.30 4.971624e-03 -23.035017
82.39 4.979086e-03 -23.028504
82.48 4.986472e-03 -23.022066
82.57 4.993783e-03 -23.015703
82.66 5.001019e-03 -23.009415
82.75 5.008178e-03 -23.003202
82.84 5.015261e-03 -22.997065
82.93 5.022267e-03 -22.991002
83.02 5.029195e-03 -22.985015
83.11 5.036045e-03 -22.979104
83.20 5.042818e-03 -22.973267
83.29 5.049511e-03 -22.967507
83.38 5.056126e-03 -22.961821
83.47 5.062661e-03 -22.956212
83.56 5.069116e-03 -22.950678
83.65 5.075491e-03 -22.945219
83.74 5.081785e-03 -22.939837
83.83 5.087999e-03 -22.934530
83.92 5.094131e-03 -22.929299
84.01 5.100181e-03 -22.924144
84.10 5.106149e-03 -22.919065
84.19 5.112035e-03 -22.914062
84.28 5.117838e-03 -22.909135
84.37 5.123558e-03 -22.904284
84.46 5.129194e-03 -22.899509
84.55 5.134746e-03 -22.894810
84.64 5.140214e-03 -22.890188
84.73 5.145598e-03 -22.885641
84.82 5.150897e-03 -22.881171
84.91 5.156111e-03 -22.876778
85.00 5.161239e-03 -22.872460
85.09 5.166281e-03 -22.868219
85.18 5.171238e-03 -22.864055
85.27 5.176108e-03 -22.859967
85.36 5.180891e-03 -22.855956
85.45 5.185587e-03 -22.852021
85.54 5.190196e-03 -22.848162
85.63 5.194718e-03 -22.844381
85.72 5.199151e-03 -22.840675
85.81 5.203497e-03 -22.837047
85.90 5.207754e-03 -22.833495
85.99 5.211922e-03 -22.830021
86.08 5.216002e-03 -22.826622
86.17 5.219993e-03 -22.823301
86.26 5.223894e-03 -22.820057
86.35 5.227705e-03 -22.816889
86.44 5.231427e-03 -22.813798
86.53 5.235059e-03 -22.810785
86.62 5.238600e-03 -22.807848
86.71 5.242051e-03 -22.804988
86.80 5.245411e-03 -22.802205
86.89 5.248680e-03 -22.799499
86.98 5.251858e-03 -22.796870
87.07 5.254945e-03 -22.794319
87.16 5.257940e-03 -22.791844
87.25 5.260843e-03 -22.789446
87.34 5.263655e-03 -22.787126
87.43 5.266374e-03 -22.784883
87.52 5.269001e-03 -22.782717
87.61 5.271536e-03 -22.780628
87.70 5.273979e-03 -22.778616
87.79 5.276328e-03 -22.776682
87.88 5.278585e-03 -22.774825
87.97 5.280749e-03 -22.773045
88.06 5.282819e-03 -22.771342
88.15 5.284797e-03 -22.769717
88.24 5.286681e-03 -22.768169
88.33 5.288472e-03 -22.766698
88.42 5.290169e-03 -22.765305
88.51 5.291772e-03 -22.763989
88.60 5.293281e-03 -22.762750
88.69 5.294697e-03 -22.761589
88.78 5.296019e-03 -22.760505
88.87 5.297246e-03 -22.759498
88.96 5.298380e-03 -22.758569
89.05 5.299419e-03 -22.757717
89.14 5.300364e-03 -22.756943
89.23 5.301215e-03 -22.756246
89.32 5.301971e-03 -22.755627
89.41 5.302633e-03 -22.755085
89.50 5.303200e-03 -22.754620
89.59 5.303673e-03 -22.754233
89.68 5.304051e-03 -22.753923
89.77 5.304335e-03 -22.753691
89.86 5.304524e-03 -22.753536
89.95 5.304619e-03 -22.753458
90.05 5.304619e-03 -22.753458
90.14 5.304524e-03 -22.753536
90.23 5.304335e-03 -22.753691
90.32 5.304051e-03 -22.753923
90.41 5.303673e-03 -22.754233
90.50 5.303200e-03 -22.754620
90.59 5.302633e-03 -22.755085
90.68 5.301971e-03 -22.755627
90.77 5.301215e-03 -22.756246
90.86 5.300364e-03 -22.756943
90.95 5.299419e-03 -22.757717
91.04 5.298380e-03 -22.758569
91.13 5.297246e-03 -22.759498
91.22 5.296019e-03 -22.760505
91.31 5.294697e-03 -22.761589
91.40 5.293281e-03 -22.762750
91.49 5.291772e-03 -22.763989
91.58 5.290169e-03 -22.765305
91.67 5.288472e-03 -22.766698
91.76 5.286681e-03 -22.768169
91.85 5.284797e-03 -22.769717
91.94 5.282819e-03 -22.771342
92.03 5.280749e-03 -22.773045
92.12 5.278585e-03 -22.774825
92.21 5.276328e-03 -22.776682
92.30 5.273979e-03 -22.778616
92.39 5.271536e-03 -22.780628
92.48 5.269001e-03 -22.782717
92.57 5.266374e-03 -22.784883
92.66 5.263655e-03 -22.787126
92.75 5.260843e-03 -22.789446
92.84 5.257940e-03 -22.791844
92.93 5.254945e-03 -22.794319
93.02 5.251858e-03 -22.796870
93.11 5.248680e-03 -22.799499
93.20 5.245411e-03 -22.802205
93.29 5.242051e-03 -22.804988
93.38 5.238600e-03 -22.807848
93.47 5.235059e-03 -22.810785
93.56 5.231427e-03 -22.813798
93.65 5.227705e-03 -22.816889
93.74 5.223894e-03 -22.820057
93.83 5.219993e-03 -22.823301
93.92 5.216002e-03 -22.826622
94.01 5.211922e-03 -22.830021
94.10 5.207754e-03 -22.833495
94.19 5.203497e-03 -22.837047
94.28 5.199151e-03 -22.840675
94.37 5.194718e-03 -22.844381
94.46 5.190196e-03 -22.848162
94.55 5.185587e-03 -22.852021
94.64 5.180891e-03 -22.855956
94.73 5.176108e-03 -22.859967
94.82 5.171238e-03 -22.864055
94.91 5.166281e-03 -22.868219
95.00 5.161239e-03 -22.872460
95.09 5.156111e-03 -22.876778
95.18 5.150897e-03 -22.881171
95.27 5.145598e-03 -22.885641
95.36 5.140214e-03 -22.890188
95.45 5.134746e-03 -22.894810
95.54 5.129194e-03 -22.899509
95.63 5.123558e-03 -22.904284
95.72 5.117838e-03 -22.909135
95.81 5.112035e-03 -22.914062
95.90 5.106149e-03 -22.919065
95.99 5.100181e-03 -22.924144
96.08 5.094131e-03 -22.929299
96.17 5.087999e-03 -22.934530
96.26 5.081785e-03 -22.939837
96.35 5.075491e-03 -22.945219
96.44 5.069116e-03 -22.950678
96.53 5.062661e-03 -22.956212
96.62 5.056126e-03 -22.961821
96.71 5.049511e-03 -22.967507
96.80 5.042818e-03 -22.973267
96.89 5.036045e-03 -22.979104
96.98 5.029195e-03 -22.985015
97.07 5.022267e-03 -22.991002
97.16 5.015261e-03 -22.997065
97.25 5.008178e-03 -23.003202
97.34 5.001019e-03 -23.009415
97.43 4.993783e-03 -23.015703
97.52 4.986472e-03 -23.022066
97.61 4.979086e-03 -23.028504
97.70 4.971624e-03 -23.035017
97.79 4.964088e-03 -23.041605
97.88 4.956478e-03 -23.048268
97.97 4.948795e-03 -23.055005
98.06 4.941038e-03 -23.061818
98.15 4.933209e-03 -23.068705
98.24 4.925308e-03 -23.075666
98.33 4.917335e-03 -23.082702
98.42 4.909291e-03 -23.089812
98.51 4.901176e-03 -23.096997
98.60 4.892991e-03 -23.104256
98.69 4.884735e-03 -23.111590
98.78 4.876411e-03 -23.118997
98.87 4.868018e-03 -23.126479
98.96 4.859556e-03 -23.134034
99.05 4.851026e-03 -23.141664
99.14 4.842430e-03 -23.149367
99.23 4.833766e-03 -23.157144
99.32 4.825035e-03 -23.164995
99.41 4.816239e-03 -23.172919
99.50 4.807378e-03 -23.180917
99.59 4.798452e-03 -23.188989
99.68 4.789461e-03 -23.197134
99.77 4.780406e-03 -23.205352
99.86 4.771289e-03 -23.213643
99.95 4.762108e-03 -23.222008
100.04 4.752865e-03 -23.230445
100.13 4.743560e-03 -23.238956
100.22 4.734194e-03 -23.247539
100.31 4.724768e-03 -23.256195
100.40 4.715281e-03 -23.264924
100.49 4.705735e-03 -23.273726
100.58 4.696129e-03 -23.282599
100.67 4.686465e-03 -23.291546
100.76 4.676743e-03 -23.300565
100.85 4.666964e-03 -23.309655
100.94 4.657128e-03 -23.318818
101.03 4.647235e-03 -23.328054
101.12 4.637287e-03 -23.337361
101.21 4.627283e-03 -23.346739
101.30 4.617225e-03 -23.356190
101.39 4.607112e-03 -23.365712
101.48 4.596946e-03 -23.375306
101.57 4.586727e-03 -23.384971
101.66 4.576456e-03 -23.394707
101.75 4.566132e-03 -23.404515
101.84 4.555758e-03 -23.414394
101.93 4.545332e-03 -23.424344
102.02 4.534857e-03 -23.434364
102.11 4.524332e-03 -23.444456
102.20 4.513758e-03 -23.454618
102.29 4.503135e-03 -23.464850
102.38 4.492465e-03 -23.475153
102.47 4.481747e-03 -23.485527
102.56 4.470983e-03 -23.495970
102.65 4.460172e-03 -23.506484
102.74 4.449316e-03 -23.517067
102.83 4.438415e-03 -23.527721
102.92 4.427470e-03 -23.538444
103.01 4.416481e-03 -23.549236
103.10 4.405449e-03 -23.560099
103.19 4.394374e-03 -23.571030
103.28 4.383257e-03 -23.582031
103.37 4.372099e-03 -23.593101
103.46 4.360900e-03 -23.604239
103.55 4.349660e-03 -23.615447
103.64 4.338381e-03 -23.626723
103.73 4.327063e-03 -23.638068
103.82 4.315707e-03 -23.649481
103.91 4.304312e-03 -23.660962
104.00 4.292881e-03 -23.672512
104.09 4.281413e-03 -23.684129
104.18 4.269908e-03 -23.695814
104.27 4.258369e-03 -23.707567
104.36 4.246794e-03 -23.719388
104.45 4.235185e-03 -23.731276
104.54 4.223543e-03 -23.743231
104.63 4.211867e-03 -23.755254
104.72 4.200159e-03 -23.767343
104.81 4.188419e-03 -23.779499
104.90 4.176647e-03 -23.791722
104.99 4.164845e-03 -23.804011
105.08 4.153013e-03 -23.816367
105.17 4.141152e-03 -23.828789
105.26 4.129261e-03 -23.841276
105.35 4.117343e-03 -23.853830
105.44 4.105396e-03 -23.866449
105.53 4.093423e-03 -23.879134
105.62 4.081422e-03 -23.891884
105.71 4.069397e-03 -23.904700
105.80 4.057345e-03 -23.917580
105.89 4.045269e-03 -23.930526
105.98 4.033169e-03 -23.943536
106.07 4.021046e-03 -23.956610
106.16 4.008899e-03 -23.969749
106.25 3.996730e-03 -23.982952
106.34 3.984539e-03 -23.996219
106.43 3.972328e-03 -24.009549
106.52 3.960095e-03 -24.022944
106.61 3.947843e-03 -24.036401
106.70 3.935571e-03 -24.049922
106.79 3.923281e-03 -24.063506
106.88 3.910972e-03 -24.077153
106.97 3.898646e-03 -24.090862
107.06 3.886303e-03 -24.104634
107.15 3.873943e-03 -24.118468
107.24 3.861567e-03 -24.132364
107.33 3.849176e-03 -24.146322
107.42 3.836771e-03 -24.160342
107.51 3.824351e-03 -24.174423
107.60 3.811918e-03 -24.188565
107.69 3.799471e-03 -24.202768
107.78 3.787013e-03 -24.217032
107.87 3.774542e-03 -24.231357
107.96 3.762061e-03 -24.245742
108.05 3.749568e-03 -24.260187
108.14 3.737066e-03 -24.274693
108.23 3.724554e-03 -24.289258
108.32 3.712033e-03 -24.303882
108.41 3.699503e-03 -24.318566
108.50 3.686966e-03 -24.333308
108.59 3.674422e-03 -24.348110
108.68 3.661871e-03 -24.362970
108.77 3.649313e-03 -24.377889
108.86 3.636750e-03 -24.392865
108.95 3.624182e-03 -24.407900
109.04 3.611610e-03 -24.422992
109.13 3.599033e-03 -24.438141
109.22 3.586453e-03 -24.453348
109.31 3.573871e-03 -24.468612
109.40 3.561286e-03 -24.483932
109.49 3.548699e-03 -24.499308
109.58 3.536111e-03 -24.514741
109.67 3.523522e-03 -24.530230
109.76 3.510934e-03 -24.545774
109.85 3.498345e-03 -24.561374
109.94 3.485758e-03 -24.577028
110.04 3.473171e-03 -24.592738
110.13 3.460587e-03 -24.608502
110.22 3.448006e-03 -24.624320
110.31 3.435427e-03 -24.640193
110.40 3.422852e-03 -24.656119
110.49 3.410281e-03 -24.672098
110.58 3.397715e-03 -24.688131
110.67 3.385153e-03 -24.704216
110.76 3.372598e-03 -24.720355
110.85 3.360048e-03 -24.736545
110.94 3.347505e-03 -24.752788
111.03 3.334969e-03 -24.769082
111.12 3.322441e-03 -24.785428
111.21 3.309920e-03 -24.801824
111.30 3.297409e-03 -24.818272
111.39 3.284906e-03 -24.834770
111.48 3.272413e-03 -24.851319
111.57 3.259930e-03 -24.867917
111.66 3.247458e-03 -24.884565
111.75 3.234997e-03 -24.901262
111.84 3.222547e-03 -24.918008
111.93 3.210109e-03 -24.934802
112.02 3.197684e-03 -24.951645
112.11 3.185271e-03 -24.968536
112.20 3.172872e-03 -24.985474
112.29 3.160487e-03 -25.002460
112.38 3.148116e-03 -25.019493
112.47 3.135760e-03 -25.036572
112.56 3.123419e-03 -25.053698
112.65 3.111093e-03 -25.070869
112.74 3.098784e-03 -25.088087
112.83 3.086492e-03 -25.105349
112.92 3.074216e-03 -25.122656
113.01 3.061958e-03 -25.140008
113.10 3.049718e-03 -25.157404
113.19 3.037496e-03 -25.174843
113.28 3.025293e-03 -25.192326
113.37 3.013109e-03 -25.209852
113.46 3.000944e-03 -25.227421
113.55 2.988800e-03 -25.245032
113.64 2.976676e-03 -25.262685
113.73 2.964573e-03 -25.280379
113.82 2.952491e-03 -25.298114
113.91 2.940431e-03 -25.315891
114.00 2.928393e-03 -25.333707
114.09 2.916377e-03 -25.351564
114.18 2.904384e-03 -25.369460
114.27 2.892415e-03 -25.387395
114.36 2.880469e-03 -25.405368
114.45 2.868547e-03 -25.423380
114.54 2.856649e-03 -25.441430
114.63 2.844777e-03 -25.459518
114.72 2.832930e-03 -25.477642
114.81 2.821108e-03 -25.495803
114.90 2.809312e-03 -25.514001
114.99 2.797542e-03 -25.532234
115.08 2.785799e-03 -25.550502
115.17 2.774083e-03 -25.568805
115.26 2.762395e-03 -25.587142
115.35 2.750734e-03 -25.605514
115.44 2.739101e-03 -25.623919
115.53 2.727497e-03 -25.642357
115.62 2.715922e-03 -25.660828
115.71 2.704375e-03 -25.679330
115.80 2.692858e-03 -25.697865
115.89 2.681371e-03 -25.716430
115.98 2.669914e-03 -25.735027
116.07 2.658488e-03 -25.753653
116.16 2.647092e-03 -25.772309
116.25 2.635728e-03 -25.790995
116.34 2.624394e-03 -25.809709
116.43 2.613093e-03 -25.828451
116.52 2.601824e-03 -25.847221
116.61 2.590587e-03 -25.866019
116.70 2.579382e-03 -25.884843
116.79 2.568211e-03 -25.903693
116.88 2.557073e-03 -25.922570
116.97 2.545968e-03 -25.941471
117.06 2.534897e-03 -25.960397
117.15 2.523860e-03 -25.979347
117.24 2.512858e-03 -25.998320
117.33 2.501891e-03 -26.017317
117.42 2.490958e-03 -26.036336
117.51 2.480060e-03 -26.055377
117.60 2.469199e-03 -26.074440
117.69 2.458373e-03 -26.093523
117.78 2.447582e-03 -26.112627
117.87 2.436829e-03 -26.131750
117.96 2.426111e-03 -26.150892
118.05 2.415431e-03 -26.170054
118.14 2.404788e-03 -26.189233
118.23 2.394182e-03 -26.208429
118.32 2.383613e-03 -26.227642
118.41 2.373083e-03 -26.246872
118.50 2.362590e-03 -26.266117
118.59 2.352135e-03 -26.285377
118.68 2.341720e-03 -26.304651
118.77 2.331342e-03 -26.323939
118.86 2.321004e-03 -26.343241
118.95 2.310705e-03 -26.362555
119.04 2.300445e-03 -26.381881
119.13 2.290225e-03 -26.401218
119.22 2.280045e-03 -26.420566
119.31 2.269905e-03 -26.439924
119.40 2.259804e-03 -26.459291
119.49 2.249745e-03 -26.478667
119.58 2.239726e-03 -26.498051
119.67 2.229748e-03 -26.517443
119.76 2.219810e-03 -26.536841
119.85 2.209914e-03 -26.556246
119.94 2.200060e-03 -26.575655
120.03 2.190247e-03 -26.595070
120.12 2.180475e-03 -26.614488
120.21 2.170746e-03 -26.633910
120.30 2.161059e-03 -26.653335
120.39 2.151414e-03 -26.672761
120.48 2.141811e-03 -26.692189
120.57 2.132251e-03 -26.711617
120.66 2.122734e-03 -26.731045
120.75 2.113259e-03 -26.750472
120.84 2.103828e-03 -26.769898
120.93 2.094440e-03 -26.789321
121.02 2.085095e-03 -26.808741
121.11 2.075794e-03 -26.828157
121.20 2.066537e-03 -26.847569
121.29 2.057323e-03 -26.866975
121.38 2.048153e-03 -26.886375
121.47 2.039028e-03 -26.905768
121.56 2.029946e-03 -26.925154
121.65 2.020909e-03 -26.944531
121.74 2.011917e-03 -26.963900
121.83 2.002969e-03 -26.983258
121.92 1.994066e-03 -27.002605
122.01 1.985207e-03 -27.021941
122.10 1.976394e-03 -27.041265
122.19 1.967626e-03 -27.060575
122.28 1.958903e-03 -27.079872
122.37 1.950225e-03 -27.099154
122.46 1.941592e-03 -27.118420
122.55 1.933005e-03 -27.137669
122.64 1.924464e-03 -27.156902
122.73 1.915968e-03 -27.176116
122.82 1.907519e-03 -27.195312
122.91 1.899115e-03 -27.214488
123.00 1.890757e-03 -27.233643
123.09 1.882445e-03 -27.252777
123.18 1.874180e-03 -27.271888
123.27 1.865960e-03 -27.290976
123.36 1.857787e-03 -27.310040
123.45 1.849661e-03 -27.329080
123.54 1.841581e-03 -27.348093
123.63 1.833547e-03 -27.367079
123.72 1.825560e-03 -27.386038
123.81 1.817620e-03 -27.404969
123.90 1.809727e-03 -27.423870
123.99 1.801880e-03 -27.442741
124.08 1.794081e-03 -27.461580
124.17 1.786328e-03 -27.480388
124.26 1.778623e-03 -27.499162
124.35 1.770964e-03 -27.517902
124.44 1.763353e-03 -27.536607
124.53 1.755789e-03 -27.555277
124.62 1.748272e-03 -27.573909
124.71 1.740803e-03 -27.592504
124.80 1.733381e-03 -27.611060
124.89 1.726006e-03 -27.629576
124.98 1.718679e-03 -27.648052
125.07 1.711400e-03 -27.666486
125.16 1.704168e-03 -27.684877
125.25 1.696983e-03 -27.703225
125.34 1.689846e-03 -27.721528
125.43 1.682757e-03 -27.739785
125.52 1.675716e-03 -27.757996
125.61 1.668722e-03 -27.776159
125.70 1.661776e-03 -27.794274
125.79 1.654878e-03 -27.812339
125.88 1.648028e-03 -27.830354
125.97 1.641226e-03 -27.848317
126.06 1.634471e-03 -27.866227
126.15 1.627765e-03 -27.884083
126.24 1.621106e-03 -27.901885
126.33 1.614496e-03 -27.919631
126.42 1.607933e-03 -27.937320
126.51 1.601419e-03 -27.954951
126.60 1.594952e-03 -27.972524
126.69 1.588534e-03 -27.990036
126.78 1.582163e-03 -28.007487
126.87 1.575841e-03 -28.024876
126.96 1.569567e-03 -28.042202
127.05 1.563341e-03 -28.059464
127.14 1.557163e-03 -28.076660
127.23 1.551033e-03 -28.093790
127.32 1.544951e-03 -28.110853
127.41 1.538918e-03 -28.127846
127.50 1.532932e-03 -28.144770
127.59 1.526995e-03 -28.161624
127.68 1.521106e-03 -28.178405
127.77 1.515265e-03 -28.195113
127.86 1.509473e-03 -28.211747
127.95 1.503728e-03 -28.228306
128.04 1.498032e-03 -28.244789
128.13 1.492384e-03 -28.261194
128.22 1.486784e-03 -28.277520
128.31 1.481233e-03 -28.293766
128.40 1.475730e-03 -28.309932
128.49 1.470274e-03 -28.326016
128.58 1.464868e-03 -28.342016
128.67 1.459509e-03 -28.357932
128.76 1.454199e-03 -28.373763
128.85 1.448936e-03 -28.389507
128.94 1.443722e-03 -28.405163
129.03 1.438557e-03 -28.420731
129.12 1.433439e-03 -28.436208
129.21 1.428370e-03 -28.451594
129.30 1.423349e-03 -28.466887
129.39 1.418376e-03 -28.482087
129.48 1.413451e-03 -28.497193
129.57 1.408574e-03 -28.512202
129.66 1.403746e-03 -28.527114
129.75 1.398966e-03 -28.541928
129.84 1.394234e-03 -28.556642
129.93 1.389551e-03 -28.571256
130.02 1.384915e-03 -28.585768
130.12 1.380328e-03 -28.600177
130.21 1.375789e-03 -28.614482
130.30 1.371298e-03 -28.628681
130.39 1.366856e-03 -28.642774
130.48 1.362461e-03 -28.656759
130.57 1.358115e-03 -28.670635
130.66 1.353817e-03 -28.684401
130.75 1.349567e-03 -28.698055
130.84 1.345365e-03 -28.711597
130.93 1.341212e-03 -28.725025
131.02 1.337107e-03 -28.738339
131.11 1.333050e-03 -28.751536
131.20 1.329041e-03 -28.764615
131.29 1.325081e-03 -28.777577
131.38 1.321168e-03 -28.790418
131.47 1.317304e-03 -28.803139
131.56 1.313489e-03 -28.815737
131.65 1.309721e-03 -28.828212
131.74 1.306002e-03 -28.840563
131.83 1.302331e-03 -28.852787
131.92 1.298708e-03 -28.864885
132.01 1.295133e-03 -28.876855
132.10 1.291607e-03 -28.888695
132.19 1.288129e-03 -28.900405
132.28 1.284700e-03 -28.911983
132.37 1.281319e-03 -28.923428
132.46 1.277986e-03 -28.934739
132.55 1.274702e-03 -28.945915
132.64 1.271466e-03 -28.956954
132.73 1.268278e-03 -28.967856
132.82 1.265139e-03 -28.978618
132.91 1.262048e-03 -28.989241
133.00 1.259006e-03 -28.999722
133.09 1.256012e-03 -29.010061
133.18 1.253067e-03 -29.020256
133.27 1.250171e-03 -29.030307
133.36 1.247323e-03 -29.040211
133.45 1.244524e-03 -29.049968
133.54 1.241773e-03 -29.059578
133.63 1.239071e-03 -29.069037
133.72 1.236418e-03 -29.078346
133.81 1.233814e-03 -29.087503
133.90 1.231259e-03 -29.096507
133.99 1.228752e-03 -29.105357
134.08 1.226294e-03 -29.114052
134.17 1.223886e-03 -29.122591
134.26 1.221526e-03 -29.130972
134.35 1.219216e-03 -29.139194
134.44 1.216955e-03 -29.147256
134.53 1.214742e-03 -29.155158
134.62 1.212580e-03 -29.162897
134.71 1.210466e-03 -29.170474
134.80 1.208402e-03 -29.177886
134.89 1.206387e-03 -29.185132
134.98 1.204422e-03 -29.192212
135.07 1.202507e-03 -29.199125
135.16 1.200641e-03 -29.205869
135.25 1.198825e-03 -29.212443
135.34 1.197059e-03 -29.218846
135.43 1.195342e-03 -29.225077
135.52 1.193676e-03 -29.231135
135.61 1.192060e-03 -29.237020
135.70 1.190494e-03 -29.242729
135.79 1.188978e-03 -29.248262
135.88 1.187513e-03 -29.253617
135.97 1.186098e-03 -29.258795
136.06 1.184734e-03 -29.263793
136.15 1.183420e-03 -29.268611
136.24 1.182157e-03 -29.273248
136.33 1.180945e-03 -29.277702
136.42 1.179784e-03 -29.281973
136.51 1.178675e-03 -29.286060
136.60 1.177616e-03 -29.289962
136.69 1.176609e-03 -29.293677
136.78 1.175654e-03 -29.297205
136.87 1.174750e-03 -29.300545
136.96 1.173898e-03 -29.303695
137.05 1.173098e-03 -29.306656
137.14 1.172350e-03 -29.309425
137.23 1.171655e-03 -29.312003
137.32 1.171012e-03 -29.314388
137.41 1.170421e-03 -29.316579
137.50 1.169883e-03 -29.318575
137.59 1.169398e-03 -29.320376
137.68 1.168966e-03 -29.321981
137.77 1.168587e-03 -29.323388
137.86 1.168262e-03 -29.324597
137.95 1.167990e-03 -29.325607
138.04 1.167773e-03 -29.326417
138.13 1.167609e-03 -29.327027
138.22 1.167499e-03 -29.327435
138.31 1.167444e-03 -29.327640
138.40 1.167443e-03 -29.327643
138.49 1.167497e-03 -29.327442
138.58 1.167606e-03 -29.327036
138.67 1.167771e-03 -29.326425
138.76 1.167990e-03 -29.325607
138.85 1.168266e-03 -29.324583
138.94 1.168597e-03 -29.323350
139.03 1.168985e-03 -29.321910
139.12 1.169429e-03 -29.320260
139.21 1.169930e-03 -29.318401
139.30 1.170488e-03 -29.316331
139.39 1.171103e-03 -29.314050
139.48 1.171775e-03 -29.311557
139.57 1.172505e-03 -29.308852
139.66 1.173294e-03 -29.305933
139.75 1.174140e-03 -29.302801
139.84 1.175045e-03 -29.299454
139.93 1.176009e-03 -29.295892
140.02 1.177033e-03 -29.292115
140.11 1.178116e-03 -29.288121
140.20 1.179258e-03 -29.283911
140.29 1.180461e-03 -29.279483
140.38 1.181724e-03 -29.274838
140.47 1.183049e-03 -29.269974
140.56 1.184434e-03 -29.264891
140.65 1.185881e-03 -29.259589
140.74 1.187390e-03 -29.254067
140.83 1.188961e-03 -29.248324
140.92 1.190595e-03 -29.242360
141.01 1.192292e-03 -29.236175
141.10 1.194052e-03 -29.229768
141.19 1.195876e-03 -29.223139
141.28 1.197764e-03 -29.216287
141.37 1.199717e-03 -29.209213
141.46 1.201735e-03 -29.201914
141.55 1.203818e-03 -29.194392
141.64 1.205967e-03 -29.186645
141.73 1.208183e-03 -29.178674
141.82 1.210465e-03 -29.170478
141.91 1.212815e-03 -29.162056
142.00 1.215232e-03 -29.153409
142.09 1.217717e-03 -29.144535
142.18 1.220271e-03 -29.135436
142.27 1.222895e-03 -29.126110
142.36 1.225588e-03 -29.116557
142.45 1.228351e-03 -29.106776
142.54 1.231184e-03 -29.096769
142.63 1.234089e-03 -29.086534
142.72 1.237066e-03 -29.076071
142.81 1.240115e-03 -29.065380
142.90 1.243237e-03 -29.054460
142.99 1.246432e-03 -29.043312
143.08 1.249702e-03 -29.031936
143.17 1.253046e-03 -29.020330
143.26 1.256465e-03 -29.008496
143.35 1.259960e-03 -28.996433
143.44 1.263531e-03 -28.984140
143.53 1.267180e-03 -28.971618
143.62 1.270906e-03 -28.958866
143.71 1.274710e-03 -28.945885
143.80 1.278594e-03 -28.932674
143.89 1.282557e-03 -28.919233
143.98 1.286601e-03 -28.905563
144.07 1.290725e-03 -28.891662
144.16 1.294932e-03 -28.877532
144.25 1.299221e-03 -28.863171
144.34 1.303593e-03 -28.848581
144.43 1.308049e-03 -28.833761
144.52 1.312590e-03 -28.818710
144.61 1.317216e-03 -28.803430
144.70 1.321929e-03 -28.787919
144.79 1.326729e-03 -28.772179
144.88 1.331616e-03 -28.756209
144.97 1.336593e-03 -28.740009
145.06 1.341659e-03 -28.723579
145.15 1.346815e-03 -28.706919
145.24 1.352063e-03 -28.690030
145.33 1.357403e-03 -28.672911
145.42 1.362836e-03 -28.655563
145.51 1.368364e-03 -28.637985
145.60 1.373986e-03 -28.620178
145.69 1.379704e-03 -28.602142
145.78 1.385518e-03 -28.583877
145.87 1.391431e-03 -28.565383
145.96 1.397442e-03 -28.546661
146.05 1.403554e-03 -28.527710
146.14 1.409766e-03 -28.508531
146.23 1.416080e-03 -28.489123
146.32 1.422497e-03 -28.469488
146.41 1.429018e-03 -28.449624
146.50 1.435644e-03 -28.429534
146.59 1.442376e-03 -28.409215
146.68 1.449216e-03 -28.388670
146.77 1.456164e-03 -28.367898
146.86 1.463222e-03 -28.346899
146.95 1.470390e-03 -28.325673
147.04 1.477671e-03 -28.304221
147.13 1.485066e-03 -28.282544
147.22 1.492574e-03 -28.260640
147.31 1.500199e-03 -28.238511
147.40 1.507941e-03 -28.216157
147.49 1.515801e-03 -28.193578
147.58 1.523781e-03 -28.170775
147.67 1.531882e-03 -28.147747
147.76 1.540106e-03 -28.124495
147.85 1.548453e-03 -28.101019
147.94 1.556926e-03 -28.077320
148.03 1.565526e-03 -28.053398
148.12 1.574254e-03 -28.029253
148.21 1.583111e-03 -28.004885
148.30 1.592101e-03 -27.980295
148.39 1.601222e-03 -27.955483
148.48 1.610479e-03 -27.930450
148.57 1.619871e-03 -27.905196
148.66 1.629401e-03 -27.879720
148.75 1.639070e-03 -27.854024
148.84 1.648881e-03 -27.828108
148.93 1.658834e-03 -27.801972
149.02 1.668931e-03 -27.775616
149.11 1.679174e-03 -27.749042
149.20 1.689566e-03 -27.722248
149.29 1.700107e-03 -27.695236
149.38 1.710801e-03 -27.668006
149.47 1.721647e-03 -27.640558
149.56 1.732649e-03 -27.612893
149.65 1.743809e-03 -27.585011
149.74 1.755128e-03 -27.556912
149.83 1.766609e-03 -27.528596
149.92 1.778253e-03 -27.500065
150.01 1.790062e-03 -27.471318
150.11 1.802040e-03 -27.442356
150.20 1.814187e-03 -27.413179
150.29 1.826506e-03 -27.383788
150.38 1.839000e-03 -27.354182
150.47 1.851671e-03 -27.324363
150.56 1.864520e-03 -27.294330
150.65 1.877550e-03 -27.264084
150.74 1.890765e-03 -27.233625
150.83 1.904165e-03 -27.202954
150.92 1.917754e-03 -27.172072
151.01 1.931534e-03 -27.140977
151.10 1.945507e-03 -27.109671
151.19 1.959677e-03 -27.078154
151.28 1.974046e-03 -27.046427
151.37 1.988617e-03 -27.014489
151.46 2.003392e-03 -26.982341
151.55 2.018374e-03 -26.949984
151.64 2.033566e-03 -26.917418
151.73 2.048971e-03 -26.884643
151.82 2.064591e-03 -26.851659
151.91 2.080431e-03 -26.818467
152.00 2.096493e-03 -26.785066
152.09 2.112779e-03 -26.751459
152.18 2.129294e-03 -26.717644
152.27 2.146040e-03 -26.683622
152.36 2.163021e-03 -26.649393
152.45 2.180240e-03 -26.614958
152.54 2.197700e-03 -26.580317
152.63 2.215404e-03 -26.545470
152.72 2.233358e-03 -26.510417
152.81 2.251563e-03 -26.475159
152.90 2.270023e-03 -26.439697
152.99 2.288743e-03 -26.404029
153.08 2.307726e-03 -26.368157
153.17 2.326976e-03 -26.332081
153.26 2.346497e-03 -26.295801
153.35 2.366292e-03 -26.259317
153.44 2.386366e-03 -26.222629
153.53 2.406723e-03 -26.185738
153.62 2.427368e-03 -26.148644
153.71 2.448303e-03 -26.111348
153.80 2.469535e-03 -26.073848
153.89 2.491067e-03 -26.036147
153.98 2.512903e-03 -25.998242
154.07 2.535049e-03 -25.960136
154.16 2.557509e-03 -25.921828
154.25 2.580288e-03 -25.883318
154.34 2.603391e-03 -25.844606
154.43 2.626823e-03 -25.805693
154.52 2.650588e-03 -25.766578
154.61 2.674692e-03 -25.727262
154.70 2.699141e-03 -25.687745
154.79 2.723939e-03 -25.648027
154.88 2.749092e-03 -25.608107
154.97 2.774606e-03 -25.567987
155.06 2.800486e-03 -25.527666
155.15 2.826738e-03 -25.487145
155.24 2.853368e-03 -25.446422
155.33 2.880382e-03 -25.405499
155.42 2.907786e-03 -25.364375
155.51 2.935587e-03 -25.323050
155.60 2.963791e-03 -25.281525
155.69 2.992403e-03 -25.239799
155.78 3.021432e-03 -25.197872
155.87 3.050883e-03 -25.155744
155.96 3.080764e-03 -25.113416
156.05 3.111081e-03 -25.070887
156.14 3.141842e-03 -25.028156
156.23 3.173054e-03 -24.985225
156.32 3.204725e-03 -24.942092
156.41 3.236862e-03 -24.898758
156.50 3.269473e-03 -24.855223
156.59 3.302565e-03 -24.811486
156.68 3.336148e-03 -24.767547
156.77 3.370229e-03 -24.723406
156.86 3.404816e-03 -24.679063
156.95 3.439919e-03 -24.634518
157.04 3.475546e-03 -24.589770
157.13 3.511705e-03 -24.544819
157.22 3.548407e-03 -24.499666
157.31 3.585660e-03 -24.454308
157.40 3.623475e-03 -24.408748
157.49 3.661860e-03 -24.362983
157.58 3.700826e-03 -24.317014
157.67 3.740382e-03 -24.270840
157.76 3.780540e-03 -24.224461
157.85 3.821310e-03 -24.177877
157.94 3.862703e-03 -24.131087
158.03 3.904729e-03 -24.084091
158.12 3.947400e-03 -24.036888
158.21 3.990728e-03 -23.989478
158.30 4.034725e-03 -23.941861
158.39 4.079401e-03 -23.894036
158.48 4.124771e-03 -23.846002
158.57 4.170846e-03 -23.797759
158.66 4.217639e-03 -23.749306
158.75 4.265164e-03 -23.700643
158.84 4.313433e-03 -23.651769
158.93 4.362461e-03 -23.602684
159.02 4.412262e-03 -23.553387
159.11 4.462850e-03 -23.503877
159.20 4.514240e-03 -23.454154
159.29 4.566447e-03 -23.404216
159.38 4.619485e-03 -23.354064
159.47 4.673372e-03 -23.303696
159.56 4.728123e-03 -23.253112
159.65 4.783755e-03 -23.202311
159.74 4.840284e-03 -23.151291
159.83 4.897728e-03 -23.100053
159.92 4.956104e-03 -23.048596
160.01 5.015431e-03 -22.996917
160.10 5.075727e-03 -22.945018
160.19 5.137011e-03 -22.892895
160.28 5.199302e-03 -22.840550
160.37 5.262620e-03 -22.787980
160.46 5.326986e-03 -22.735184
160.55 5.392421e-03 -22.682162
160.64 5.458945e-03 -22.628913
160.73 5.526581e-03 -22.575435
160.82 5.595351e-03 -22.521727
160.91 5.665278e-03 -22.467788
161.00 5.736386e-03 -22.413616
161.09 5.808698e-03 -22.359212
161.18 5.882240e-03 -22.304572
161.27 5.957037e-03 -22.249697
161.36 6.033114e-03 -22.194584
161.45 6.110499e-03 -22.139233
161.54 6.189219e-03 -22.083642
161.63 6.269301e-03 -22.027809
161.72 6.350774e-03 -21.971733
161.81 6.433669e-03 -21.915413
161.90 6.518014e-03 -21.858847
161.99 6.603842e-03 -21.802033
162.08 6.691184e-03 -21.744971
162.17 6.780072e-03 -21.687657
162.26 6.870540e-03 -21.630091
162.35 6.962623e-03 -21.572271
162.44 7.056356e-03 -21.514195
162.53 7.151776e-03 -21.455861
162.62 7.248918e-03 -21.397268
162.71 7.347823e-03 -21.338413
162.80 7.448528e-03 -21.279295
162.89 7.551075e-03 -21.219912
162.98 7.655505e-03 -21.160262
163.07 7.761860e-03 -21.100342
163.16 7.870185e-03 -21.040150
163.25 7.980525e-03 -20.979686
163.34 8.092925e-03 -20.918945
163.43 8.207434e-03 -20.857926
163.52 8.324099e-03 -20.796627
163.61 8.442973e-03 -20.735046
163.70 8.564107e-03 -20.673179
163.79 8.687553e-03 -20.611025
163.88 8.813367e-03 -20.548582
163.97 8.941605e-03 -20.485845
164.06 9.072325e-03 -20.422814
164.15 9.205587e-03 -20.359485
164.24 9.341453e-03 -20.295855
164.33 9.479987e-03 -20.231923
164.42 9.621252e-03 -20.167684
164.51 9.765317e-03 -20.103136
164.60 9.912251e-03 -20.038277
164.69 1.006213e-02 -19.973103
164.78 1.021501e-02 -19.907610
164.87 1.037099e-02 -19.841797
164.96 1.053014e-02 -19.775659
165.05 1.069253e-02 -19.709194
165.14 1.085826e-02 -19.642397
165.23 1.102741e-02 -19.575266
165.32 1.120006e-02 -19.507798
165.41 1.137631e-02 -19.439987
165.50 1.155625e-02 -19.371832
165.59 1.173998e-02 -19.303328
165.68 1.192760e-02 -19.234471
165.77 1.211921e-02 -19.165257
165.86 1.231492e-02 -19.095683
165.95 1.251485e-02 -19.025744
166.04 1.271910e-02 -18.955436
166.13 1.292779e-02 -18.884756
166.22 1.314106e-02 -18.813697
166.31 1.335901e-02 -18.742257
166.40 1.358179e-02 -18.670431
166.49 1.380952e-02 -18.598213
166.58 1.404236e-02 -18.525599
166.67 1.428044e-02 -18.452585
166.76 1.452391e-02 -18.379165
166.85 1.477293e-02 -18.305335
166.94 1.502765e-02 -18.231088
167.03 1.528826e-02 -18.156420
167.12 1.555491e-02 -18.081326
167.21 1.582778e-02 -18.005799
167.30 1.610707e-02 -17.929834
167.39 1.639296e-02 -17.853426
167.48 1.668566e-02 -17.776567
167.57 1.698536e-02 -17.699253
167.66 1.729228e-02 -17.621477
167.75 1.760665e-02 -17.543233
167.84 1.792870e-02 -17.464513
167.93 1.825866e-02 -17.385312
168.02 1.859678e-02 -17.305622
168.11 1.894333e-02 -17.225437
168.20 1.929857e-02 -17.144749
168.29 1.966278e-02 -17.063551
168.38 2.003625e-02 -16.981836
168.47 2.041928e-02 -16.899595
168.56 2.081220e-02 -16.816821
168.65 2.121531e-02 -16.733505
168.74 2.162898e-02 -16.649640
168.83 2.205354e-02 -16.565217
168.92 2.248937e-02 -16.480226
169.01 2.293686e-02 -16.394660
169.10 2.339641e-02 -16.308509
169.19 2.386842e-02 -16.221763
169.28 2.435335e-02 -16.134412
169.37 2.485165e-02 -16.046448
169.46 2.536379e-02 -15.957859
169.55 2.589026e-02 -15.868635
169.64 2.643160e-02 -15.778766
169.73 2.698833e-02 -15.688240
169.82 2.756103e-02 -15.597046
169.91 2.815028e-02 -15.505173
170.00 2.875671e-02 -15.412607
170.09 2.938097e-02 -15.319338
170.19 3.002374e-02 -15.225352
170.28 3.068572e-02 -15.130637
170.37 3.136766e-02 -15.035179
170.46 3.207035e-02 -14.938963
170.55 3.279460e-02 -14.841977
170.64 3.354127e-02 -14.744206
170.73 3.431126e-02 -14.645633
170.82 3.510553e-02 -14.546245
170.91 3.592506e-02 -14.446025
171.00 3.677091e-02 -14.344956
171.09 3.764418e-02 -14.243022
171.18 3.854601e-02 -14.140205
171.27 3.947764e-02 -14.036488
171.36 4.044035e-02 -13.931851
171.45 4.143549e-02 -13.826276
171.54 4.246448e-02 -13.719742
171.63 4.352883e-02 -13.612230
171.72 4.463013e-02 -13.503718
171.81 4.577006e-02 -13.394185
171.90 4.695040e-02 -13.283607
171.99 4.817300e-02 -13.171963
172.08 4.943987e-02 -13.059227
172.17 5.075309e-02 -12.945375
172.26 5.211491e-02 -12.830380
172.35 5.352766e-02 -12.714218
172.44 5.499385e-02 -12.596858
172.53 5.651615e-02 -12.478274
172.62 5.809737e-02 -12.358435
172.71 5.974051e-02 -12.237311
172.80 6.144875e-02 -12.114869
172.89 6.322550e-02 -11.991077
172.98 6.507438e-02 -11.865900
173.07 6.699923e-02 -11.739302
173.16 6.900418e-02 -11.611246
173.25 7.109362e-02 -11.481693
173.34 7.327226e-02 -11.350604
173.43 7.554512e-02 -11.217936
173.52 7.791758e-02 -11.083646
173.61 8.039541e-02 -10.947687
173.70 8.298481e-02 -10.810014
173.79 8.569242e-02 -10.670576
173.88 8.852539e-02 -10.529322
173.97 9.149141e-02 -10.386197
174.06 9.459876e-02 -10.241146
174.15 9.785637e-02 -10.094109
174.24 1.012739e-01 -9.945025
174.33 1.048618e-01 -9.793829
174.42 1.086312e-01 -9.640453
174.51 1.125945e-01 -9.484827
174.60 1.167650e-01 -9.326875
174.69 1.211569e-01 -9.166519
174.78 1.257860e-01 -9.003678
174.87 1.306693e-01 -8.838264
174.96 1.358255e-01 -8.670185
175.05 1.412750e-01 -8.499347
175.14 1.470400e-01 -8.325646
175.23 1.531448e-01 -8.148976
175.32 1.596164e-01 -7.969224
175.41 1.664842e-01 -7.786270
175.50 1.737807e-01 -7.599985
175.59 1.815417e-01 -7.410236
175.68 1.898069e-01 -7.216880
175.77 1.986203e-01 -7.019763
175.86 2.080308e-01 -6.818724
175.95 2.180926e-01 -6.613591
176.04 2.288665e-01 -6.404178
176.13 2.404203e-01 -6.190288
176.22 2.528302e-01 -5.971711
176.31 2.661816e-01 -5.748220
176.40 2.805710e-01 -5.519572
176.49 2.961076e-01 -5.285505
176.58 3.129149e-01 -5.045737
176.67 3.311339e-01 -4.799964
176.76 3.509252e-01 -4.547855
176.85 3.724728e-01 -4.289054
176.94 3.959888e-01 -4.023171
177.03 4.217175e-01 -3.749784
177.12 4.499426e-01 -3.468429
177.21 4.809943e-01 -3.178600
177.30 5.152594e-01 -2.879741
177.39 5.531924e-01 -2.571238
177.48 5.953312e-01 -2.252414
177.57 6.423155e-01 -1.922516
177.66 6.949109e-01 -1.580709
177.75 7.540400e-01 -1.226056
177.84 8.208224e-01 -0.857508
177.93 8.966272e-01 -0.473881
178.02 9.831432e-01 -0.073832
178.11 1.082472e+00 0.344167
178.20 1.197256e+00 0.781870
178.29 1.330853e+00 1.241301
178.38 1.487583e+00 1.724811
178.47 1.673076e+00 2.235156
178.56 1.894782e+00 2.775593
178.65 2.162723e+00 3.350009
178.74 2.490634e+00 3.963099
178.83 2.897744e+00 4.620600
178.92 3.411640e+00 5.329631
179.01 4.073026e+00 6.099172
179.10 4.943986e+00 6.940773
179.19 6.123003e+00 7.869645
179.28 7.773898e+00 8.906388
179.37 1.018564e+01 10.079885
179.46 1.390731e+01 11.432431
179.55 2.008908e+01 13.029600
179.64 3.148646e+01 14.981239
179.73 5.614684e+01 17.493253
179.82 1.267023e+02 21.027844
179.91 5.080838e+02 27.059353
180.00 1.260455e+09 91.005272
